A{1} = [4 14 ];
B{1} = [1 2 3 4 5 ];
A{2} = [4 12 14 ];
B{2} = [1 2 4 5 ];
A{3} = [4 13 ];
B{3} = [1 3 4 5 ];
A{4} = [4 12 13 ];
B{4} = [1 4 5 ];
A{5} = [8 9 10 16 17 19 ];
B{5} = [1 2 ];
A{6} = [8 9 17 19 ];
B{6} = [1 2 3 4 ];
A{7} = [10 16 17 19 ];
B{7} = [1 2 5 ];
A{8} = [10 16 17 ];
B{8} = [1 2 4 5 ];
A{9} = [7 8 10 ];
B{9} = [1 2 3 ];
A{10} = [7 8 15 ];
B{10} = [1 2 3 ];
A{11} = [7 10 15 ];
B{11} = [1 2 5 ];
A{12} = [7 10 16 ];
B{12} = [1 3 4 5 ];
A{13} = [7 15 16 ];
B{13} = [1 3 5 ];
A{14} = [2 18 ];
B{14} = [1 2 3 4 ];
A{15} = [3 15 20 ];
B{15} = [1 2 3 4 ];
A{16} = [3 15 17 ];
B{16} = [1 3 4 5 ];
A{17} = [3 16 17 ];
B{17} = [1 4 5 ];
A{18} = [2 3 7 10 15 16 17 ];
B{18} = [1 5 ];
A{19} = [6 12 ];
B{19} = [2 3 4 5 ];
A{20} = [5 7 8 10 15 18 19 ];
B{20} = [2 ];
A{21} = [5 7 8 15 ];
B{21} = [2 3 ];
A{22} = [5 8 15 ];
B{22} = [2 3 4 ];
A{23} = [5 8 15 19 ];
B{23} = [2 4 ];
A{24} = [7 10 15 19 ];
B{24} = [2 5 ];
A{25} = [1 2 ];
B{25} = [2 3 4 ];
A{26} = [3 15 17 19 ];
B{26} = [3 4 5 ];
