A{1} = [4 12 ];
B{1} = [1 2 4 5 ];
A{2} = [10 16 17 ];
B{2} = [1 ];
A{3} = [7 15 20 ];
B{3} = [1 ];
A{4} = [6 11 18 ];
B{4} = [1 ];
A{5} = [6 18 ];
B{5} = [1 4 ];
A{6} = [6 14 ];
B{6} = [2 4 ];
A{7} = [5 8 10 ];
B{7} = [2 ];
A{8} = [8 15 19 ];
B{8} = [4 ];
A{9} = [1 6 14 18 ];
B{9} = [4 ];
A{10} = [1 14 18 ];
B{10} = [4 5 ];
