A{1} = [4 5 12 14 19 ];
B{1} = [1 2 ];
A{2} = [5 12 ];
B{2} = [1 2 3 4 5 ];
A{3} = [4 14 19 ];
B{3} = [1 2 3 4 ];
A{4} = [4 14 ];
B{4} = [1 2 3 4 5 ];
A{5} = [4 5 12 19 ];
B{5} = [1 2 4 ];
A{6} = [4 5 12 ];
B{6} = [1 2 4 5 ];
A{7} = [4 12 14 19 ];
B{7} = [1 2 4 ];
A{8} = [4 12 14 ];
B{8} = [1 2 4 5 ];
A{9} = [4 5 12 14 ];
B{9} = [1 2 5 ];
A{10} = [4 13 14 19 ];
B{10} = [1 3 4 ];
A{11} = [4 13 ];
B{11} = [1 3 4 5 ];
A{12} = [4 5 12 13 19 ];
B{12} = [1 4 ];
A{13} = [4 12 13 ];
B{13} = [1 4 5 ];
A{14} = [4 12 13 14 19 ];
B{14} = [1 4 ];
A{15} = [8 9 10 16 17 19 ];
B{15} = [1 2 ];
A{16} = [8 9 17 19 ];
B{16} = [1 2 3 4 ];
A{17} = [17 19 ];
B{17} = [1 2 3 4 5 ];
A{18} = [10 16 17 19 ];
B{18} = [1 2 5 ];
A{19} = [1 8 9 13 17 19 ];
B{19} = [1 3 ];
A{20} = [1 8 9 13 19 ];
B{20} = [1 3 4 ];
A{21} = [13 19 ];
B{21} = [1 3 4 5 ];
A{22} = [1 8 9 17 19 ];
B{22} = [1 3 4 ];
A{23} = [13 17 19 ];
B{23} = [1 3 5 ];
A{24} = [10 13 16 17 19 ];
B{24} = [1 5 ];
A{25} = [1 13 15 20 ];
B{25} = [1 2 3 ];
A{26} = [13 15 20 ];
B{26} = [1 2 3 4 ];
A{27} = [1 13 15 ];
B{27} = [1 2 3 4 ];
A{28} = [13 15 ];
B{28} = [1 2 3 4 5 ];
A{29} = [1 20 ];
B{29} = [1 2 3 5 ];
A{30} = [1 8 9 13 15 17 20 ];
B{30} = [1 3 ];
A{31} = [8 9 13 15 20 ];
B{31} = [1 3 4 ];
A{32} = [1 8 9 13 15 ];
B{32} = [1 3 4 ];
A{33} = [9 13 ];
B{33} = [1 3 4 5 ];
A{34} = [13 15 17 ];
B{34} = [1 3 5 ];
A{35} = [9 13 17 ];
B{35} = [1 3 5 ];
A{36} = [7 10 13 15 16 17 ];
B{36} = [1 5 ];
A{37} = [7 9 10 13 17 ];
B{37} = [1 5 ];
A{38} = [6 8 9 10 11 16 17 18 ];
B{38} = [1 2 ];
A{39} = [6 8 10 16 ];
B{39} = [1 2 3 ];
A{40} = [6 8 ];
B{40} = [1 2 3 4 ];
A{41} = [6 10 16 ];
B{41} = [1 2 3 4 ];
A{42} = [10 16 ];
B{42} = [1 2 3 4 5 ];
A{43} = [6 10 ];
B{43} = [1 2 3 4 5 ];
A{44} = [8 11 16 ];
B{44} = [1 2 3 ];
A{45} = [11 16 ];
B{45} = [1 2 3 4 ];
A{46} = [8 9 11 17 18 ];
B{46} = [1 2 3 4 ];
A{47} = [9 11 17 ];
B{47} = [1 2 3 4 5 ];
A{48} = [8 9 11 18 ];
B{48} = [1 2 3 4 5 ];
A{49} = [6 8 9 11 17 18 ];
B{49} = [1 2 4 ];
A{50} = [6 9 11 17 ];
B{50} = [1 2 4 5 ];
A{51} = [6 9 11 16 17 18 ];
B{51} = [1 2 4 ];
A{52} = [6 10 16 17 18 ];
B{52} = [1 2 4 ];
A{53} = [10 16 17 ];
B{53} = [1 2 4 5 ];
A{54} = [6 10 17 ];
B{54} = [1 2 4 5 ];
A{55} = [6 9 10 11 17 ];
B{55} = [1 2 5 ];
A{56} = [7 8 9 10 11 18 ];
B{56} = [1 2 ];
A{57} = [7 8 10 ];
B{57} = [1 2 3 ];
A{58} = [7 10 ];
B{58} = [1 2 3 4 5 ];
A{59} = [7 8 9 11 ];
B{59} = [1 2 3 ];
A{60} = [7 9 11 ];
B{60} = [1 2 3 5 ];
A{61} = [7 9 10 11 ];
B{61} = [1 2 5 ];
A{62} = [7 8 10 15 18 ];
B{62} = [1 2 ];
A{63} = [7 8 15 ];
B{63} = [1 2 3 ];
A{64} = [8 15 18 ];
B{64} = [1 2 3 4 ];
A{65} = [7 10 15 ];
B{65} = [1 2 5 ];
A{66} = [1 7 15 20 ];
B{66} = [1 2 ];
A{67} = [1 7 15 ];
B{67} = [1 2 3 ];
A{68} = [1 6 7 8 10 16 ];
B{68} = [1 3 ];
A{69} = [1 6 8 ];
B{69} = [1 3 4 ];
A{70} = [1 6 10 16 ];
B{70} = [1 3 4 ];
A{71} = [7 10 16 ];
B{71} = [1 3 4 5 ];
A{72} = [6 7 10 ];
B{72} = [1 3 5 ];
A{73} = [1 7 8 11 15 16 ];
B{73} = [1 3 ];
A{74} = [1 11 16 ];
B{74} = [1 3 4 ];
A{75} = [7 15 16 ];
B{75} = [1 3 5 ];
A{76} = [1 7 8 9 11 15 17 ];
B{76} = [1 3 ];
A{77} = [7 9 11 17 ];
B{77} = [1 3 5 ];
A{78} = [1 8 9 11 15 17 18 20 ];
B{78} = [1 3 ];
A{79} = [8 9 11 15 20 ];
B{79} = [1 3 4 ];
A{80} = [8 9 11 20 ];
B{80} = [1 3 4 5 ];
A{81} = [1 8 9 11 15 17 18 ];
B{81} = [1 3 4 ];
A{82} = [1 8 9 11 18 ];
B{82} = [1 3 4 5 ];
A{83} = [1 8 9 11 18 20 ];
B{83} = [1 3 5 ];
A{84} = [1 6 8 9 11 15 17 18 ];
B{84} = [1 4 ];
A{85} = [1 6 9 11 16 17 18 ];
B{85} = [1 4 ];
A{86} = [1 6 10 16 17 18 ];
B{86} = [1 4 ];
A{87} = [6 7 9 10 11 17 ];
B{87} = [1 5 ];
A{88} = [6 9 11 20 ];
B{88} = [1 5 ];
A{89} = [2 7 15 18 ];
B{89} = [1 2 ];
A{90} = [2 7 15 ];
B{90} = [1 2 3 5 ];
A{91} = [2 7 ];
B{91} = [1 2 3 4 5 ];
A{92} = [2 15 18 ];
B{92} = [1 2 3 ];
A{93} = [2 18 ];
B{93} = [1 2 3 4 ];
A{94} = [2 7 15 20 ];
B{94} = [1 2 ];
A{95} = [2 3 15 20 ];
B{95} = [1 2 3 ];
A{96} = [3 15 20 ];
B{96} = [1 2 3 4 ];
A{97} = [3 15 ];
B{97} = [1 2 3 4 5 ];
A{98} = [2 3 15 ];
B{98} = [1 2 3 5 ];
A{99} = [2 3 7 11 15 17 ];
B{99} = [1 3 ];
A{100} = [2 7 17 ];
B{100} = [1 3 4 5 ];
A{101} = [2 3 7 15 17 ];
B{101} = [1 3 5 ];
A{102} = [3 7 11 17 ];
B{102} = [1 3 5 ];
A{103} = [2 3 11 15 17 18 20 ];
B{103} = [1 3 ];
A{104} = [3 11 15 20 ];
B{104} = [1 3 4 ];
A{105} = [3 11 15 17 18 ];
B{105} = [1 3 4 ];
A{106} = [3 15 17 ];
B{106} = [1 3 4 5 ];
A{107} = [3 11 17 ];
B{107} = [1 3 4 5 ];
A{108} = [2 17 18 ];
B{108} = [1 3 4 ];
A{109} = [3 6 11 15 17 18 ];
B{109} = [1 4 ];
A{110} = [3 6 15 17 ];
B{110} = [1 4 5 ];
A{111} = [3 6 11 17 ];
B{111} = [1 4 5 ];
A{112} = [3 6 11 16 17 18 ];
B{112} = [1 4 ];
A{113} = [3 16 17 ];
B{113} = [1 4 5 ];
A{114} = [2 6 10 16 17 18 ];
B{114} = [1 4 ];
A{115} = [2 7 10 16 17 ];
B{115} = [1 4 5 ];
A{116} = [2 3 7 10 15 16 17 ];
B{116} = [1 5 ];
A{117} = [3 6 7 10 15 17 ];
B{117} = [1 5 ];
A{118} = [3 6 7 10 11 17 ];
B{118} = [1 5 ];
A{119} = [5 6 8 10 12 16 ];
B{119} = [2 3 ];
A{120} = [6 8 12 ];
B{120} = [2 3 4 ];
A{121} = [6 12 ];
B{121} = [2 3 4 5 ];
A{122} = [6 12 16 ];
B{122} = [2 3 4 ];
A{123} = [6 10 12 ];
B{123} = [2 3 5 ];
A{124} = [5 6 12 ];
B{124} = [2 3 5 ];
A{125} = [5 8 11 12 16 ];
B{125} = [2 3 ];
A{126} = [11 12 16 ];
B{126} = [2 3 4 ];
A{127} = [4 8 9 11 14 17 18 19 ];
B{127} = [2 3 4 ];
A{128} = [4 9 11 17 ];
B{128} = [2 3 4 5 ];
A{129} = [4 8 9 11 14 18 ];
B{129} = [2 3 4 5 ];
A{130} = [4 5 8 9 11 12 19 ];
B{130} = [2 4 ];
A{131} = [4 5 8 9 11 12 ];
B{131} = [2 4 5 ];
A{132} = [4 6 8 9 11 12 14 17 18 19 ];
B{132} = [2 4 ];
A{133} = [4 6 9 11 12 17 ];
B{133} = [2 4 5 ];
A{134} = [4 8 9 11 12 14 18 ];
B{134} = [2 4 5 ];
A{135} = [4 6 9 11 12 14 16 17 18 ];
B{135} = [2 4 ];
A{136} = [6 10 14 16 17 18 ];
B{136} = [2 4 ];
A{137} = [4 6 9 10 11 12 17 ];
B{137} = [2 5 ];
A{138} = [4 5 6 9 11 12 ];
B{138} = [2 5 ];
A{139} = [4 5 8 9 11 12 14 18 ];
B{139} = [2 5 ];
A{140} = [5 7 8 10 12 ];
B{140} = [2 3 ];
A{141} = [7 10 12 ];
B{141} = [2 3 5 ];
A{142} = [5 7 8 11 12 ];
B{142} = [2 3 ];
A{143} = [5 8 11 12 ];
B{143} = [2 3 4 5 ];
A{144} = [7 11 12 ];
B{144} = [2 3 5 ];
A{145} = [4 7 9 10 11 12 ];
B{145} = [2 5 ];
A{146} = [5 7 8 15 ];
B{146} = [2 3 ];
A{147} = [5 8 15 ];
B{147} = [2 3 4 ];
A{148} = [8 15 18 19 ];
B{148} = [2 3 4 ];
A{149} = [15 19 ];
B{149} = [2 3 4 5 ];
A{150} = [5 8 15 19 ];
B{150} = [2 4 ];
A{151} = [7 10 15 19 ];
B{151} = [2 5 ];
A{152} = [2 15 18 19 ];
B{152} = [2 3 ];
A{153} = [2 15 19 ];
B{153} = [2 3 5 ];
A{154} = [2 7 15 19 ];
B{154} = [2 5 ];
A{155} = [1 2 7 15 ];
B{155} = [2 3 ];
A{156} = [1 2 3 13 15 20 ];
B{156} = [2 3 ];
A{157} = [3 13 15 20 ];
B{157} = [2 3 4 ];
A{158} = [1 3 13 15 ];
B{158} = [2 3 4 ];
A{159} = [3 13 15 ];
B{159} = [2 3 4 5 ];
A{160} = [1 2 ];
B{160} = [2 3 4 ];
A{161} = [2 3 13 15 ];
B{161} = [2 3 5 ];
A{162} = [1 6 8 12 ];
B{162} = [3 4 ];
A{163} = [1 6 12 16 ];
B{163} = [3 4 ];
A{164} = [6 7 10 12 ];
B{164} = [3 5 ];
A{165} = [5 8 11 12 15 ];
B{165} = [3 4 ];
A{166} = [1 8 11 12 15 ];
B{166} = [3 4 ];
A{167} = [1 8 11 12 ];
B{167} = [3 4 5 ];
A{168} = [1 11 12 16 ];
B{168} = [3 4 ];
A{169} = [1 5 8 11 12 ];
B{169} = [3 5 ];
A{170} = [3 7 9 11 17 ];
B{170} = [3 5 ];
A{171} = [3 4 8 9 11 13 15 19 20 ];
B{171} = [3 4 ];
A{172} = [4 8 9 11 20 ];
B{172} = [3 4 5 ];
A{173} = [1 3 4 8 9 11 13 14 15 18 19 ];
B{173} = [3 4 ];
A{174} = [3 13 15 19 ];
B{174} = [3 4 5 ];
A{175} = [3 4 9 11 13 ];
B{175} = [3 4 5 ];
A{176} = [1 4 8 9 11 14 18 ];
B{176} = [3 4 5 ];
A{177} = [1 3 4 8 9 11 14 15 17 18 19 ];
B{177} = [3 4 ];
A{178} = [3 15 17 19 ];
B{178} = [3 4 5 ];
A{179} = [3 4 9 11 17 ];
B{179} = [3 4 5 ];
A{180} = [1 2 14 17 18 ];
B{180} = [3 4 ];
A{181} = [2 3 13 15 17 19 ];
B{181} = [3 5 ];
A{182} = [3 4 9 11 13 17 ];
B{182} = [3 5 ];
A{183} = [1 4 8 9 11 14 18 20 ];
B{183} = [3 5 ];
A{184} = [4 5 8 9 11 12 20 ];
B{184} = [4 5 ];
A{185} = [3 6 13 15 ];
B{185} = [4 5 ];
A{186} = [3 4 6 9 11 12 13 ];
B{186} = [4 5 ];
A{187} = [1 4 8 9 11 12 14 18 ];
B{187} = [4 5 ];
A{188} = [3 4 6 9 11 12 17 ];
B{188} = [4 5 ];
